1|70138||0|新到推介
1|70139||0|震動按摩棒
1|70140||0|仿真器具
1|70141||0|飛機杯
1|70142||0|潤滑劑
1|70143||0|情趣內衣
1|70144||0|後庭用品
1|70145||0|SM 捆綁
1|70146||0|娃娃・抱枕
1|70147||0|避孕套
1|70148||0|護理保健
1|70149||0|配件雜貨
1|70150||0|特價區
1|69881||13|ローション・クリーナー
2|69882|69881|247|ノーマル
2|69885|69881|61|ホット・クール
2|69902|69881|4|特殊
2|69884|69881|100|アナル用
2|69894|69881|50|お風呂用
2|69883|69881|225|オナホ用
2|69903|69881|13|クリーナー・パウダー
2|69898|69881|0|大容量（1Ｌ以上）
2|69886|69881|43|洗い不要ローション
2|69889|69881|14|愛液ローション
2|69899|69881|1|携帯サイズ
2|69887|69881|6|感度アップ
2|69895|69881|2|高粘度
2|69900|69881|3|膣ケア
2|69891|69881|17|肌に優しい
2|69896|69881|7|ソフト
2|69888|69881|17|元気系
2|69897|69881|4|粘度・潤い持続
2|69901|69881|3|注入式
2|69892|69881|0|消臭・抗菌
2|69893|69881|13|〇〇ローション
2|69890|69881|1|唾液ローション
1|69904||384|オナホール・おっぱい
2|69905|69904|4|タイプ・サイズ別
3|69906|69905|63|中型・大型トルソーホール
3|69907|69905|162|据え置き型ホール
3|69908|69905|430|大型ホール
3|69909|69905|977|中型ホール
3|69910|69905|299|小型ホール
3|69911|69905|194|ミニホール
3|69912|69905|142|カップホール
3|69913|69905|240|電動ホール
3|69914|69905|2|ドール専用ホール
3|69915|69905|125|おっぱい
3|69916|69905|66|メンテナンス・アクセサリ
1|69917||1|ダッチ・抱き枕・ドール
2|69921|69917|21|ダッチ
3|69922|69921|37|エアダッチ
3|69923|69921|86|高級ダッチ
3|69925|69921|0|ダッチ用オナホール
3|69924|69921|0|お尻型ダッチ
2|69918|69917|0|抱き枕
3|69920|69918|216|抱き枕カバー
3|69919|69918|23|抱き枕本体
2|69926|69917|0|ドール
3|69927|69926|0|シリコンドール
3|69928|69926|4|ぬいぐるみドール
1|69929||24|バイブ・電マ・ディルド
2|69944|69929|242|バイブ:スモール
2|69945|69929|369|バイブ:ミドル
2|69946|69929|7|バイブ:ラージ
2|69930|69929|1|デンマ（電マ）
3|69934|69930|0|ハンディタイプ
3|69933|69930|0|マッサージャー
3|69931|69930|235|本体
3|69932|69930|16|アタッチメント
2|69935|69929|0|ディルド
3|69936|69935|337|シングル
3|69937|69935|23|ダブル（双頭）
3|69938|69935|38|電動ディルド
3|69939|69935|13|ペニスバンド（ペニバン）
3|69940|69935|5|吸盤付き
3|69942|69935|10|ガラス製ディルド
3|69943|69935|0|二穴挿入用
3|69941|69935|0|芯（骨格）入り・二層構造
2|69948|69929|6|1本バイブ
2|69954|69929|8|バイブ固定具
2|69949|69929|0|クリバイブ付き
2|69947|69929|3|Gスポ刺激
2|69952|69929|1|防水
2|69951|69929|1|ピストンバイブ
2|69950|69929|0|回転玉(パール)入り
2|69953|69929|4|温感バイブ
1|69955||4|ローター・クリ,乳首責め
2|69956|69955|87|ローター:エッグ
3|69957|69956|63|単体
2|69958|69955|196|ローター:スティック
2|69959|69955|3|ローター:無線・リモコン
3|69960|69959|133|コードレス
2|69966|69955|36|ローター:特殊
2|69964|69955|51|ローター:防水
2|69961|69955|3|ローター　ツイン、トリプル
2|69962|69955|80|ローター:乳首
2|69965|69955|16|指装着型ローター
2|69963|69955|202|クリトリス吸引
1|69967||0|コンドーム
2|69972|69967|58|ノーマル
2|69973|69967|0|ホット&クール
3|69974|69973|4|ホット
3|69975|69973|4|クール
2|69976|69967|3|凹凸
2|69977|69967|0|ビッグ&スモール
2|69978|69967|0|スタミナ系
2|69980|69967|0|業務用
2|69979|69967|0|ぴったりフィット系
2|69968|69967|4|極うすタイプ
3|69969|69968|7|0.01ミリ
3|69970|69968|7|0.02ミリ
3|69971|69968|8|0.03ミリ
1|69981||1|アナル
2|69982|69981|11|アナル用ローション・洗浄器
2|69991|69981|54|エネマグラ系
3|69992|69991|35|電動エネマグラ
2|69984|69981|125|スティック・バイブ
3|69985|69984|118|アナルビーズ
2|69986|69981|179|プラグ・ストッパー
3|69987|69986|79|電動
3|69989|69986|21|しっぽ付
3|69988|69986|18|拡張系
2|69990|69981|5|指サック
2|69983|69981|1|ローター
1|69993||0|サポートグッズ
2|69994|69993|33|リング・サック
3|69995|69994|95|プレイサック
3|69997|69994|163|プレイリング
3|69998|69994|33|バイブリング
3|69999|69994|3|睾丸締め
3|69996|69994|8|ローター付サック
2|70000|69993|2|増強具・ポンプ
3|70001|70000|10|ポンプ
2|70002|69993|17|包茎改善
2|70003|69993|7|女性用サポートグッズ
3|70004|70003|42|膣トレ
1|70005||0|SM・拘束具
2|70007|70005|75|アイマスク
2|70008|70005|41|クリップ（乳首）
2|70009|70005|4|医療
2|70010|70005|3|口枷
3|70011|70010|34|ボールギャグ
3|70012|70010|7|リング口枷
2|70013|70005|79|手枷・手錠
2|70014|70005|16|首枷・首輪
2|70015|70005|39|全身拘束・複数拘束
2|70016|70005|17|足枷・腿枷
2|70017|70005|6|縄・ロープ・チェーン
2|70025|70005|0|大型器具
2|70019|70005|9|鞭（ムチ）
3|70020|70019|31|バラムチ
2|70026|70005|22|その他
2|70022|70005|22|貞操帯
2|70018|70005|4|拘束テープ
2|70024|70005|143|コスチューム（SM・ボンデージ）
2|70021|70005|3|鼻フック
2|70023|70005|35|尿道責め（ニョドニー）CBT
2|70006|70005|16|SMセット
1|70027||0|ラブサプリ,コスメ,匂い
2|70040|70027|12|フェチ系匂いアイテム
3|70041|70040|11|淫臭系
3|70042|70040|51|女の子の匂い
2|70033|70027|4|男性用サプリメント
3|70034|70033|63|ドリンク
3|70035|70033|139|粒タイプ
3|70036|70033|102|元気系
3|70037|70033|13|持続力系
3|70038|70033|5|ペニスクリーム
3|70039|70033|0|乳首用
2|70028|70027|6|女性用サプリメント
3|70031|70028|20|塗り系
3|70029|70028|137|感度アップ
3|70030|70028|26|媚〇
3|70032|70028|2|乳首用
2|70043|70027|11|ソープ・バスグッズ
2|70044|70027|7|フェロモン系
1|70045||1|コスチューム
2|70059|70045|30|ランジェリー
3|70071|70059|4|ローターポケット付ランジェリー
3|70060|70059|173|フルバックショーツ
3|70062|70059|353|Tバックショーツ
3|70066|70059|4|縞パン・ボーダーショーツ
3|70067|70059|0|パイル地ショーツ
3|70082|70059|0|Lサイズ以上
3|70064|70059|3|男性用
3|70069|70059|37|穴あきショーツ
3|70074|70059|4|スポーツブラ
3|70076|70059|198|ブラジャー＆ショーツ
3|70073|70059|7|ブラジャー（ノーマル）
3|70061|70059|110|ハーフバックショーツ
3|70075|70059|4|オープンブラ
3|70072|70059|61|ガーターベルト
3|70081|70059|29|シースルー
3|70077|70059|223|テディ
3|70078|70059|154|キャミソール、ベビードール
3|70083|70059|80|マイクロビキニ・スリングショット
3|70079|70059|9|ビスチェ
3|70080|70059|3|ガウン
3|70070|70059|5|パール付
3|70068|70059|5|柄ショーツ
3|70065|70059|44|紐パン
3|70063|70059|25|Oバックショーツ
2|70084|70045|107|体操着・チアガール
2|70085|70045|24|ナース
2|70086|70045|33|セーラー服・制服
3|70087|70086|78|セーラー
3|70088|70086|26|ブレザー
3|70089|70086|79|お仕事服
2|70090|70045|159|バニー・レオタード・ボディコン
2|70091|70045|0|メイド服・エプロン
3|70093|70091|13|エプロン
3|70092|70091|35|メイド服
2|70094|70045|2|アニメ・ゲーム
2|70116|70045|0|風俗店向け業務用
2|70055|70045|1|水着・スイムウエア
3|70056|70055|47|スクール水着・スク水
3|70057|70055|19|ビキニ
3|70058|70055|59|競泳水着・ワンピース
2|70117|70045|92|その他
3|70118|70117|26|着物
2|70101|70045|8|ソックス・ストッキング
3|70102|70101|131|ボディストッキング
3|70103|70101|28|ハイソックス・ニーハイ
3|70104|70101|68|パンスト
2|70107|70045|0|使用済み系コスチューム
3|70108|70107|48|下着
3|70109|70107|0|ストッキング
3|70110|70107|1|洋服
2|70114|70045|1|ダッチワイフ・ドール用
2|70046|70045|13|男性用
3|70047|70046|97|おとこの娘
3|70049|70046|344|ショーツ
3|70048|70046|0|ブラジャー
3|70052|70046|5|ストッキング
3|70051|70046|0|ベビードール
3|70050|70046|0|ブラ&ショーツ
3|70053|70046|2|リング付きランジェリー
3|70054|70046|12|ペニスサック付
2|70095|70045|5|サンタ・巫女
3|70096|70095|16|サンタ
2|70097|70045|14|オフィス系
2|70112|70045|54|アクセサリー
2|70099|70045|23|パジャマ・ルームウェア
2|70098|70045|41|ドレス・チャイナ・プリンセス系
2|70113|70045|3|ウィッグ
2|70115|70045|0|TATTOO（タトゥ）シール
2|70105|70045|2|手袋・グローブ
2|70106|70045|0|SM・ボンデージコスチューム
2|70111|70045|1|極薄・スケスケ生地
2|70100|70045|2|ハロウィン
1|70119||4|書籍・雑貨
2|70120|70119|28|書籍
2|70121|70119|59|雑貨
1|70122||0|業務用
2|70123|70122|0|風俗店向け業務用
2|70124|70122|0|液体消耗品
3|70125|70124|17|ローション
3|70126|70124|0|ソープ
3|70128|70124|12|うがい・口内洗浄
3|70129|70124|2|詰め替え用空容器
3|70130|70124|13|その他
3|70127|70124|36|オイル
2|70131|70122|0|店舗消耗品
3|70133|70131|55|その他
3|70132|70131|18|手袋・指サック
2|70134|70122|0|店舗雑貨・備品
3|70137|70134|7|その他
3|70135|70134|4|マット
3|70136|70134|1|すけべ椅子
